9.130471
9.939894
9.886565
1.204675
9.178474
0.870619
7.121559
3.742771
6.182277
4.391979
0.231717
0.428983
2.783722
6.808743
8.568369
1.734683
1.803119
9.227327
8.909448
2.753410
4.966556
8.219020
9.988584
0.458844
3.358750
3.661243
7.072072
12.374566
2.723443
2.685292
4.020612
3.105187
1.556771
2.948088
4.330225
3.315483
3.477190
8.897233
12.676749
1.182398
10.487826
12.301741
2.266946
1.292949
12.651574
8.426720
3.859206
2.044663
3.351525
1.331604
1.508813
8.384448
0.793452
4.611281
7.801317
1.512241
3.317306
10.910311
2.899028
0.419331
1.544797
0.065916
0.868958
8.210707
1.791744
5.408014
3.232768
0.013127
1.713670
3.766664
10.440815
3.558390
0.663621
10.034373
2.942555
12.226650
7.189328
1.701380
1.977604
1.064961
5.689525
0.159665
4.361884
0.562380
7.186775
2.000499
1.952185
5.570975
2.179186
0.188696
5.090289
9.278214
0.242775
9.961292
3.581236
10.300705
15.691965
3.822006
3.934185
8.551782
9.130120
0.265233
8.048725
3.670718
1.278828
1.463618
8.534559
1.534148
0.082252
2.339252
0.182701
1.043102
9.181135
2.191444
9.340228
10.477209
11.878027
2.753989
2.367275
1.474871
2.218732
1.795997
6.039090
2.807486
15.218956
9.839641
3.491946
7.236069
8.079009
2.878651
11.454035
1.961241
1.882168
1.752715
1.705166
3.851378
1.603677
15.748387
0.035435
1.799160
2.652453
3.697872
10.111220
14.799498
1.435553
1.222294
9.931918
0.775793
0.410293
1.209411
13.208947
10.655657
10.011827
7.522984
2.527361
7.510533
2.212220
8.954887
12.431776
7.866550
6.567522
15.350419
0.825330
13.849924
10.797037
0.768321
8.320557
3.887633
12.345017
0.487071
0.156347
8.098863
3.044096
5.132112
0.185764
11.739724
11.563255
20.019615
1.577811
15.451170
8.372607
12.372373
1.100726
8.139769
11.676148
9.930589
5.075299
5.828572
4.694816
5.513847
1.595980
7.634830
9.233362
10.433973
10.706580
10.000138
0.640231
9.395513
3.092437
9.230627
0.475929
14.003811
10.436493
1.761714
0.881036
12.013786
3.208179
8.369623
0.729064
10.558566
5.279987
1.061800
2.741072
8.879006
2.355269
1.684536
7.515142
9.499193
1.846899
5.738714
1.368090
2.832837
8.414387
12.940545
12.731461
5.294125
1.138394
2.858128
4.455357
10.614549
4.527712
13.533062
0.600466
0.061089
0.751830
2.858236
11.670470
0.599627
4.405777
3.174116
4.249807
4.587570
15.415334
9.311314
7.793231
6.594120
0.550543
0.949675
0.054465
9.417133
1.480208
4.052261
6.421377
1.180956
10.672036
10.126227
4.626529
15.667367
3.377568
0.049831
2.815724
0.457858
3.398633
2.902078
9.640348
14.946322
2.530235
0.522793
2.794227
0.483590
8.868655
0.685170
11.476426
1.787095
10.444628
7.559969
0.245276
1.010494
19.890314
11.333177
6.640806
7.218836
11.858230
15.901205
10.036065
2.263077
3.517742
10.071513
11.736519
2.949981
3.876678
2.385383
2.390635
8.628433
8.607095
7.373289
2.425476
6.635077
4.582588
10.939718
9.529414
1.803294
1.354160
5.870434
11.720292
6.965350
0.061871
0.676191
3.106632
6.768611
2.000644
7.878902
8.308624
0.537961
0.447154
0.502804
5.759005
4.900356
0.270809
4.202927
1.771442
4.375374
4.634914
9.267039
4.450005
0.503623
0.630157
2.561791
5.270293
11.434231
10.110657
2.785141
2.308208
8.857614
1.436797
2.362376
7.516307
10.322051
13.958656
0.912397
18.689719
1.807584
1.556142
1.591868
1.652394
0.154447
13.680054
3.413140
9.589180
12.418950
1.552246
3.680288
7.070634
10.734810
0.566665
3.169175
4.176099
5.774921
1.710460
1.912589
3.169308
9.615236
0.999780
14.478990
0.355059
1.859581
1.853502
1.776917
1.949145
0.849395
3.189784
10.094845
2.183029
6.285312
0.643515
2.331723
0.004103
8.591237
1.894676
0.466909
14.521979
0.168038
9.527786
1.520381
1.928948
0.776337
9.545962
0.794843
7.806580
1.933178
0.888368
0.404648
6.614888
0.634042
0.622585
0.544709
9.516094
0.980348
2.735873
1.027351
11.008403
10.945553
0.411238
11.530440
2.291218
7.836585
5.059499
5.392952
3.455931
9.578968
7.998880
10.443416
0.154967
9.095034
4.390267
8.056727
0.074454
9.826817
6.150168
5.111883
3.690262
0.879487
1.795971
2.178258
11.444051
13.454508
3.026900
1.609018
2.214538
0.846681
10.425586
10.272255
2.387965
0.970175
0.148365
4.118081
3.376256
8.703535
11.756517
9.418599
10.521041
6.184318
4.013160
1.304104
15.446548
2.132560
0.586420
11.793336
5.680945
0.546873
10.547810
2.830420
1.456619
12.783185
1.171286
9.497119
9.907748
1.312369
0.150406
1.206465
9.753941
9.986386
2.519801
0.597403
9.495360
0.165297
0.603776
1.322126
10.502999
3.583758
2.586286
4.160324
9.312150
3.084493
7.150544
3.880607
11.340255
14.275182
0.095107
8.739265
1.453197
11.316851
1.711848
12.381557
14.624104
1.179826
6.958660
4.955465
1.714710
9.681772
9.696362
1.250926
6.853521
1.072260
0.934701
4.403794
1.439146
3.562456
14.627226
4.918725
0.223761
0.037714
0.433834
5.244898
0.819029
0.637682
10.580735
8.932293
10.740318
2.779564
0.331945
1.873287
0.821083
0.108857
0.133271
3.269497
4.857391
1.581221
0.041019
8.720452
1.523546
2.840168
10.324234
7.983769
1.462785
9.558994
1.212191
1.316902
6.040624
10.398463
3.218224
3.492121
3.435216
8.935568
0.399137
10.174531
23.268678
1.627449
2.504706
2.077515
0.658038
1.202262
8.859979
0.991563
9.087602
1.150728
11.373779
3.224475
2.032363
6.021004
10.777848
6.876956
10.138428
8.743889
4.359434
11.154792
6.663753
6.192108
7.840880
2.247827
10.294657
0.519847
9.233516
4.248903
11.118899
9.450674
4.654389
4.340899
7.085406
10.068712
8.548026
9.293299
10.155471
0.775827
16.020289
2.284120
1.642021
0.433600
9.206854
3.435683
10.070099
11.315375
6.085935
7.498711
0.326915
3.510088
2.200505
1.997212
3.306962
0.104755
1.813618
0.125645
0.783263
0.007291
1.638032
7.908643
7.664998
10.384297
8.027891
2.242170
0.275988
2.838400
0.125696
2.417153
7.043139
8.151515
8.885857
2.970858
0.252054
0.670963
7.331962
11.857981
1.044010
1.233557
3.061058
9.295773
9.508002
2.665396
2.106747
9.389513
1.322215
4.089932
3.262247
15.420205
4.771124
11.862992
2.824004
0.228080
0.614464
0.242511
0.216760
9.606681
8.836407
3.371140
8.971333
5.559127
1.683968
3.273243
2.753906
12.870957
5.239693
6.344845
12.571489
5.241163
0.978880
10.154947
0.680170
23.389920
0.798791
7.046741
1.336927
11.313751
6.227573
1.930953
1.450893
2.293675
5.830117
1.554786
1.561895
1.896177
3.478333
8.564965
8.678679
11.323083
5.239419
0.191017
7.163611
10.225002
0.364466
3.130870
5.748299
2.418898
1.850575
4.645394
7.872548
11.011766
12.449071
9.192478
2.387132
2.007124
7.825868
0.774428
0.697513
8.569155
2.041723
10.145831
0.271000
0.699201
13.295381
7.245195
2.924671
0.192882
6.407159
1.935400
4.287503
9.059427
3.611267
3.149892
2.774933
9.014003
7.616007
12.336694
0.985031
1.085757
4.980325
12.566844
2.515803
2.337550
7.613865
0.168789
0.435025
2.985038
2.473016
11.807164
2.218843
5.259458
3.146248
1.502282
0.390792
5.248765
0.744217
3.605799
8.987190
0.482704
3.991586
17.068148
9.267732
10.212149
1.726726
9.651298
12.257826
8.219929
2.082869
5.767212
11.905550
6.071158
3.621307
4.170755
4.756518
1.813769
15.566903
8.956500
0.104362
0.535396
9.700936
1.219206
0.316966
10.170168
0.811145
15.396943
10.241715
6.143454
3.832888
4.697956
14.811566
1.373792
10.053805
8.016491
17.178666
4.900313
3.674318
0.683391
2.066569
0.354712
1.051826
8.035711
5.531566
5.737623
1.451670
0.796701
3.537779
2.344698
5.073525
14.316419
10.416013
11.051743
0.565145
6.087919
0.044551
7.273537
8.593427
10.190015
6.842987
6.961920
10.921174
11.885368
1.091841
2.941453
9.535788
20.645178
11.714189
9.606703
0.776210
5.651761
5.340908
2.159403
7.784064
1.855457
0.847541
0.671360
3.123998
2.609613
0.052742
13.171916
3.200327
1.391335
7.472290
7.100235
9.894752
5.577250
2.138281
7.229492
1.263855
6.115134
26.198021
5.308775
1.333852
13.435139
1.750457
4.882834
0.784369
2.291910
5.128096
7.857055
3.105473
11.283558
5.126921
0.718008
4.177853
11.486250
7.444436
12.930441
8.245043
3.528807
9.839628
12.924315
5.932224
3.159644
0.524135
3.698325
3.772327
2.032195
0.901838
11.178641
0.536609
1.623037
5.233427
2.406979
13.114150
8.866446
4.139270
3.648768
2.042081
9.057380
1.588108
8.295918
10.742606
1.131911
3.636774
9.348363
3.351426
1.807518
3.529400
16.732728
4.194751
0.264391
2.465772
0.895139
0.580097
2.562270
10.238472
2.997159
1.874622
5.406714
0.758812
2.866771
8.031155
2.110873
0.615362
0.652253
2.833444
7.352442
4.969731
1.869138
1.411795
0.242129
10.675575
3.157113
0.389618
10.643882
9.473780
0.279335
1.369243
0.203892
2.983781
3.628776
10.416557
3.152539
6.658357
0.814538
0.510547
1.035825
8.870576
0.042125
8.120218
11.445028
9.102284
8.428792
11.910309
0.239431
7.879984
8.772440
4.249278
4.496171
1.044186
16.606329
11.086149
1.400000
1.121060
23.329422
6.993192
0.115548
2.513720
1.373989
0.521960
0.375576
2.938158
0.329448
13.645526
3.894630
8.570046
8.466428
3.465271
5.229537
12.032414
4.221289
9.567620
1.957826
0.514798
1.049351
0.083669
0.059925
0.076445
8.123058
6.686781
1.807035
9.310884
8.265833
3.491161
7.757611
25.928213
10.253061
10.810194
6.587327
12.605489
0.164181
0.461619
2.852768
2.724061
12.317061
3.180035
3.783913
8.540323
9.137218
9.250676
4.506808
12.355350
11.192133
3.293944
4.113777
9.267828
0.280737
8.404177
1.042906
6.091792
10.971063
3.757304
1.003672
4.493710
10.299634
8.589030
9.515126
0.616888
5.164847
9.064448
10.374616
2.772518
6.599940
0.031794
4.320883
0.340418
7.458615
10.087032
2.547916
11.263910
2.052630
12.049721
13.101573
1.127724
3.362950
